2.049999999999999
8.499999999999998
0.629033071660968
9.807616322734033
2.049999999999999
12.349999999999994
0.629033071660968
11.646051333528840
2.049999999999999
9.199999999999998
0.629033071660968
10.165792080092022
2.049999999999999
8.849999999999998
0.629033071660968
9.988241584550764
2.049999999999999
13.399999999999993
0.629033071660968
12.100160800517319
2.049999999999999
16.199999999999989
0.629033071660968
13.236223699663968
2.049999999999999
7.449999999999999
0.629033071660968
9.245705955527997
2.049999999999999
10.249999999999996
0.629033071660968
10.681373926761593
2.049999999999999
11.649999999999995
0.629033071660968
11.333406820438110
2.049999999999999
17.599999999999987
0.629033071660968
13.769531990666186
2.049999999999999
13.749999999999993
0.629033071660968
12.247851507608178
2.049999999999999
17.249999999999989
0.629033071660968
13.638141675865551
2.049999999999999
14.449999999999992
0.629033071660968
12.538091608351584
2.049999999999999
15.499999999999991
0.629033071660968
12.961430427127098
2.049999999999999
6.750000000000000
0.629033071660968
8.852615129347159
2.049999999999999
17.949999999999989
0.629033071660968
13.899691227688265
2.049999999999999
11.999999999999995
0.629033071660968
11.490770331934296
2.049999999999999
15.149999999999991
0.629033071660968
12.821851255836092
2.049999999999999
12.699999999999994
0.629033071660968
11.799328258498491
2.049999999999999
7.100000000000000
0.629033071660968
9.051138157145457
2.049999999999999
10.949999999999996
0.629033071660968
11.012092990535850
2.049999999999999
10.599999999999996
0.629033071660968
10.847958937871171
2.049999999999999
13.049999999999994
0.629033071660968
11.950674906809180
2.049999999999999
9.549999999999997
0.629033071660968
10.340410454669923
2.049999999999999
15.849999999999991
0.629033071660968
13.099539622724803
2.049999999999999
16.899999999999991
0.629033071660968
13.505485080558458
2.049999999999999
7.799999999999999
0.629033071660968
9.436518403512139
2.049999999999999
11.299999999999995
0.629033071660968
11.173877342472631
2.049999999999999
16.549999999999990
0.629033071660968
13.371525317009102
2.049999999999999
14.099999999999993
0.629033071660968
12.393808937137599
2.049999999999999
9.899999999999997
0.629033071660968
10.512229711411173
2.049999999999999
8.149999999999999
0.629033071660968
9.623763284698695
2.049999999999999
14.799999999999992
0.629033071660968
12.680754896248558
1.899999999999999
8.499999999999998
0.643828539433785
9.748663395992981
1.899999999999999
12.349999999999994
0.643828539433785
11.581753287885745
1.899999999999999
9.199999999999998
0.643828539433785
10.105928815857649
1.899999999999999
8.849999999999998
0.643828539433785
9.928839737421230
1.899999999999999
13.399999999999993
0.643828539433785
12.034346668812855
1.899999999999999
16.199999999999989
0.643828539433785
13.166401482194900
1.899999999999999
7.449999999999999
0.643828539433785
9.187993350603827
1.899999999999999
10.249999999999996
0.643828539433785
10.620072700478351
1.899999999999999
11.649999999999995
0.643828539433785
11.270116799773072
1.899999999999999
17.599999999999987
0.643828539433785
13.697744515801174
1.899999999999999
13.749999999999993
0.643828539433785
12.181532475890039
1.899999999999999
17.249999999999989
0.643828539433785
13.566842582868990
1.899999999999999
14.449999999999992
0.643828539433785
12.470765168869205
1.899999999999999
15.499999999999991
0.643828539433785
12.892601877433528
1.899999999999999
6.750000000000000
0.643828539433785
8.795594799328804
1.899999999999999
17.949999999999989
0.643828539433785
13.827417409846161
1.899999999999999
11.999999999999995
0.643828539433785
11.426976878611669
1.899999999999999
15.149999999999991
0.643828539433785
12.753521988176578
1.899999999999999
12.699999999999994
0.643828539433785
11.734524960640817
1.899999999999999
7.100000000000000
0.643828539433785
8.993789138051534
1.899999999999999
10.949999999999996
0.643828539433785
10.949803915269946
1.899999999999999
10.599999999999996
0.643828539433785
10.786165882119887
1.899999999999999
13.049999999999994
0.643828539433785
11.885366124666708
1.899999999999999
9.549999999999997
0.643828539433785
10.280075594491221
1.899999999999999
15.849999999999991
0.643828539433785
13.030213387252179
1.899999999999999
16.899999999999991
0.643828539433785
13.434676362763094
1.899999999999999
7.799999999999999
0.643828539433785
9.378413940478595
1.899999999999999
11.299999999999995
0.643828539433785
11.111089009878553
1.899999999999999
16.549999999999990
0.643828539433785
13.301208912885595
1.899999999999999
14.099999999999993
0.643828539433785
12.326985725374962
1.899999999999999
9.899999999999997
0.643828539433785
10.451414997079436
1.899999999999999
8.149999999999999
0.643828539433785
9.565243966779311
1.899999999999999
14.799999999999992
0.643828539433785
12.612926380997898
1.000000000000000
8.499999999999998
0.816838690110947
9.431596951164503
1.000000000000000
12.349999999999994
0.816838690110947
11.255730499896185
1.000000000000000
9.199999999999998
0.816838690110947
9.788214672231748
1.000000000000000
8.849999999999998
0.816838690110947
9.611530983017511
1.000000000000000
13.399999999999993
0.816838690110947
11.704456851514497
1.000000000000000
16.199999999999989
0.816838690110947
12.824990187833489
1.000000000000000
7.449999999999999
0.816838690110947
8.870392071342325
1.000000000000000
10.249999999999996
0.816838690110947
10.300362810823481
1.000000000000000
11.649999999999995
0.816838690110947
10.946451502109234
1.000000000000000
17.599999999999987
0.816838690110947
13.350201155550170
1.000000000000000
13.749999999999993
0.816838690110947
11.850283849247466
1.000000000000000
17.249999999999989
0.816838690110947
13.220846477983393
1.000000000000000
14.449999999999992
0.816838690110947
12.136715895155604
1.000000000000000
15.499999999999991
0.816838690110947
12.554185937403332
1.000000000000000
6.750000000000000
0.816838690110947
8.476185443358268
1.000000000000000
17.949999999999989
0.816838690110947
13.478319223163103
1.000000000000000
11.999999999999995
0.816838690110947
11.102158461567376
1.000000000000000
15.149999999999991
0.816838690110947
12.416580461424534
1.000000000000000
12.699999999999994
0.816838690110947
11.407252238819288
1.000000000000000
7.100000000000000
0.816838690110947
8.675463034582211
1.000000000000000
10.949999999999996
0.816838690110947
10.628264253767364
1.000000000000000
10.599999999999996
0.816838690110947
10.465582827028872
1.000000000000000
13.049999999999994
0.816838690110947
11.556802917090831
1.000000000000000
9.549999999999997
0.816838690110947
9.961814478913050
1.000000000000000
15.849999999999991
0.816838690110947
12.690306923090116
1.000000000000000
16.899999999999991
0.816838690110947
13.090218846300834
1.000000000000000
7.799999999999999
0.816838690110947
9.061235243655936
1.000000000000000
11.299999999999995
0.816838690110947
10.788519100092804
1.000000000000000
16.549999999999990
0.816838690110947
12.958280110576089
1.000000000000000
14.099999999999993
0.816838690110947
11.994349577406187
1.000000000000000
9.899999999999997
0.816838690110947
10.132483486938380
1.000000000000000
8.149999999999999
0.816838690110947
9.248231130323592
1.000000000000000
14.799999999999992
0.816838690110947
12.277441152754264
2.199999999999999
8.499999999999998
0.616185812791061
9.863490384445765
2.199999999999999
12.349999999999994
0.616185812791061
11.707170375976066
2.199999999999999
9.199999999999998
0.616185812791061
10.222566719741113
2.199999999999999
8.849999999999998
0.616185812791061
10.044560385872874
2.199999999999999
13.399999999999993
0.616185812791061
12.162756317426576
2.199999999999999
16.199999999999989
0.616185812791061
13.302711289350029
2.199999999999999
7.449999999999999
0.616185812791061
9.300341481257277
2.199999999999999
10.249999999999996
0.616185812791061
10.739563085315929
2.199999999999999
11.649999999999995
0.616185812791061
11.393542339904192
2.199999999999999
17.599999999999987
0.616185812791061
13.837923700156802
2.199999999999999
13.749999999999993
0.616185812791061
12.310938118890373
2.199999999999999
17.249999999999989
0.616185812791061
13.706060404569007
2.199999999999999
14.449999999999992
0.616185812791061
12.602157303017513
2.199999999999999
15.499999999999991
0.616185812791061
13.026954330067884
2.199999999999999
6.750000000000000
0.616185812791061
8.906547303803167
2.199999999999999
17.949999999999989
0.616185812791061
13.968553818243612
2.199999999999999
11.999999999999995
0.616185812791061
11.551397254712509
2.199999999999999
15.149999999999991
0.616185812791061
12.886890671016147
2.199999999999999
12.699999999999994
0.616185812791061
11.860939686643764
2.199999999999999
7.100000000000000
0.616185812791061
9.105406064264242
2.199999999999999
10.949999999999996
0.616185812791061
11.071250060705180
2.199999999999999
10.599999999999996
0.616185812791061
10.906630317835127
2.199999999999999
13.049999999999994
0.616185812791061
12.012778602495720
2.199999999999999
9.549999999999997
0.616185812791061
10.397649894821660
2.199999999999999
15.849999999999991
0.616185812791061
13.165546281045303
2.199999999999999
16.899999999999991
0.616185812791061
13.572928764638165
2.199999999999999
7.799999999999999
0.616185812791061
9.491547267480065
2.199999999999999
11.299999999999995
0.616185812791061
11.233522703713106
2.199999999999999
16.549999999999990
0.616185812791061
13.438491936836741
2.199999999999999
14.099999999999993
0.616185812791061
12.457385676045810
2.199999999999999
9.899999999999997
0.616185812791061
10.569941147531415
2.199999999999999
8.149999999999999
0.616185812791061
9.679206305382017
2.199999999999999
14.799999999999992
0.616185812791061
12.745308199532122
2.499999999999999
8.499999999999998
0.594987575184984
9.965676263077549
2.499999999999999
12.349999999999994
0.594987575184984
11.819256571242073
2.499999999999999
9.199999999999998
0.594987575184984
10.326464010052508
2.499999999999999
8.849999999999998
0.594987575184984
10.147592403341886
2.499999999999999
13.399999999999993
0.594987575184984
12.277611612768412
2.499999999999999
16.199999999999989
0.594987575184984
13.424847623617847
2.499999999999999
7.449999999999999
0.594987575184984
9.400156002535441
2.499999999999999
10.249999999999996
0.594987575184984
10.846135965358751
2.499999999999999
11.649999999999995
0.594987575184984
11.503780977681226
2.499999999999999
17.599999999999987
0.594987575184984
13.963615106102360
2.499999999999999
13.749999999999993
0.594987575184984
12.426713451936852
2.499999999999999
17.249999999999989
0.594987575184984
13.830869081865190
2.499999999999999
14.449999999999992
0.594987575184984
12.719765618358712
2.499999999999999
15.499999999999991
0.594987575184984
13.147289872686024
2.499999999999999
6.750000000000000
0.594987575184984
9.004996966972181
2.499999999999999
17.949999999999989
0.594987575184984
14.095123825170029
2.499999999999999
11.999999999999995
0.594987575184984
11.662559333697116
2.499999999999999
15.149999999999991
0.594987575184984
13.006320429099146
2.499999999999999
12.699999999999994
0.594987575184984
11.973949886158172
2.499999999999999
7.100000000000000
0.594987575184984
9.204509846548989
2.499999999999999
10.949999999999996
0.594987575184984
11.179647717208153
2.499999999999999
10.599999999999996
0.594987575184984
11.014112822946375
2.499999999999999
13.049999999999994
0.594987575184984
12.126712025132733
2.499999999999999
9.549999999999997
0.594987575184984
10.502427767316243
2.499999999999999
15.849999999999991
0.594987575184984
13.286784065951791
2.499999999999999
16.899999999999991
0.594987575184984
13.696850639082182
2.499999999999999
7.799999999999999
0.594987575184984
9.592117990315357
2.499999999999999
11.299999999999995
0.594987575184984
11.342839502571605
2.499999999999999
16.549999999999990
0.594987575184984
13.561523002118173
2.499999999999999
14.099999999999993
0.594987575184984
12.574078799359169
2.499999999999999
9.899999999999997
0.594987575184984
10.675611755910072
2.499999999999999
8.149999999999999
0.594987575184984
9.780569843333721
2.499999999999999
14.799999999999992
0.594987575184984
12.863828810671029
2.649999999999999
8.499999999999998
0.586144769571480
10.012153005007630
2.649999999999999
12.349999999999994
0.586144769571480
11.870328798389211
2.649999999999999
9.199999999999998
0.586144769571480
10.373738241953639
2.649999999999999
8.849999999999998
0.586144769571480
10.194463689680461
2.649999999999999
13.399999999999993
0.586144769571480
12.329964297699034
2.649999999999999
16.199999999999989
0.586144769571480
13.480561894327733
2.649999999999999
7.449999999999999
0.586144769571480
9.445523123799422
2.649999999999999
10.249999999999996
0.586144769571480
10.894653667225120
2.649999999999999
11.649999999999995
0.586144769571480
11.553998042548926
2.649999999999999
17.599999999999987
0.586144769571480
14.020968698132352
2.649999999999999
13.749999999999993
0.586144769571480
12.479491288827928
2.649999999999999
17.249999999999989
0.586144769571480
13.887815728898056
2.649999999999999
14.449999999999992
0.586144769571480
12.773390119425299
2.649999999999999
15.499999999999991
0.586144769571480
13.202173311152562
2.649999999999999
6.750000000000000
0.586144769571480
9.049720830943178
2.649999999999999
17.949999999999989
0.586144769571480
14.152882398498704
2.649999999999999
11.999999999999995
0.586144769571480
11.713203916850555
2.649999999999999
15.149999999999991
0.586144769571480
13.060785836514459
2.649999999999999
12.699999999999994
0.586144769571480
12.025449534475328
2.649999999999999
7.100000000000000
0.586144769571480
9.249542646170585
2.649999999999999
10.949999999999996
0.586144769571480
11.229011844074437
2.649999999999999
10.599999999999996
0.586144769571480
11.063052593895325
2.649999999999999
13.049999999999994
0.586144769571480
12.178638576286041
2.649999999999999
9.549999999999997
0.586144769571480
10.550111622672578
2.649999999999999
15.849999999999991
0.586144769571480
13.342083813439725
2.649999999999999
16.899999999999991
0.586144769571480
13.753388398236460
2.649999999999999
7.799999999999999
0.586144769571480
9.637839750624845
2.649999999999999
11.299999999999995
0.586144769571480
11.392629586415115
2.649999999999999
16.549999999999990
0.586144769571480
13.617649957675953
2.649999999999999
14.099999999999993
0.586144769571480
12.627280625931126
2.649999999999999
9.899999999999997
0.586144769571480
10.723710493130620
2.649999999999999
8.149999999999999
0.586144769571480
9.826662546934232
2.649999999999999
14.799999999999992
0.586144769571480
12.917874541718412
1.600000000000000
8.499999999999998
0.681310976125447
9.623717756164629
1.600000000000000
12.349999999999994
0.681310976125447
11.446541450131980
1.600000000000000
9.199999999999998
0.681310976125447
9.979279815214102
1.600000000000000
8.849999999999998
0.681310976125447
9.803058042594786
1.600000000000000
13.399999999999993
0.681310976125447
11.896154206243999
1.600000000000000
16.199999999999989
0.681310976125447
13.020260863919363
1.600000000000000
7.449999999999999
0.681310976125447
9.065296525582196
1.600000000000000
10.249999999999996
0.681310976125447
10.490683287793560
1.600000000000000
11.649999999999995
0.681310976125447
11.136875577162915
1.600000000000000
17.599999999999987
0.681310976125447
13.547681175838306
1.600000000000000
13.749999999999993
0.681310976125447
12.042343658911884
1.600000000000000
17.249999999999989
0.681310976125447
13.417755313814459
1.600000000000000
14.449999999999992
0.681310976125447
12.329583658603879
1.600000000000000
15.499999999999991
0.681310976125447
12.748439074251975
1.600000000000000
6.750000000000000
0.681310976125447
8.674077032202238
1.600000000000000
17.949999999999989
0.681310976125447
13.676381326450299
1.600000000000000
11.999999999999995
0.681310976125447
11.292752747047686
1.600000000000000
15.149999999999991
0.681310976125447
12.610351342937019
1.600000000000000
12.699999999999994
0.681310976125447
11.598321827833756
1.600000000000000
7.100000000000000
0.681310976125447
8.871722850590123
1.600000000000000
10.949999999999996
0.681310976125447
10.818508268298251
1.600000000000000
10.599999999999996
0.681310976125447
10.655829351080346
1.600000000000000
13.049999999999994
0.681310976125447
11.748169150053789
1.600000000000000
9.549999999999997
0.681310976125447
10.152533367807143
1.600000000000000
15.849999999999991
0.681310976125447
12.885060496004360
1.600000000000000
16.899999999999991
0.681310976125447
13.286568351134617
1.600000000000000
7.799999999999999
0.681310976125447
9.255019475503257
1.600000000000000
11.299999999999995
0.681310976125447
10.978824494459332
1.600000000000000
16.549999999999990
0.681310976125447
13.154083181418523
1.600000000000000
14.099999999999993
0.681310976125447
12.186800363556356
1.600000000000000
9.899999999999997
0.681310976125447
10.322958061377868
1.600000000000000
8.149999999999999
0.681310976125447
9.441096686185244
1.600000000000000
14.799999999999992
0.681310976125447
12.470749628522467
1.750000000000000
8.499999999999998
0.661043481413225
9.687047479366836
1.750000000000000
12.349999999999994
0.661043481413225
11.514843440578368
1.750000000000000
9.199999999999998
0.661043481413225
10.043423571570530
1.750000000000000
8.849999999999998
0.661043481413225
9.866786331537938
1.750000000000000
13.399999999999993
0.661043481413225
11.965916482516766
1.750000000000000
16.199999999999989
0.661043481413225
13.093933254176186
1.750000000000000
7.449999999999999
0.661043481413225
9.127569564736090
1.750000000000000
10.249999999999996
0.661043481413225
10.556149119994654
1.750000000000000
11.649999999999995
0.661043481413225
11.204214750119007
1.750000000000000
17.599999999999987
0.661043481413225
13.623289325107761
1.750000000000000
13.749999999999993
0.661043481413225
12.112594953876393
1.750000000000000
17.249999999999989
0.661043481413225
13.492881509875712
1.750000000000000
14.449999999999992
0.661043481413225
12.400814089270991
1.750000000000000
15.499999999999991
0.661043481413225
12.821136758561591
1.750000000000000
6.750000000000000
0.661043481413225
8.735815749269211
1.750000000000000
17.949999999999989
0.661043481413225
13.752469958758198
1.750000000000000
11.999999999999995
0.661043481413225
11.360571855903991
1.750000000000000
15.149999999999991
0.661043481413225
12.682560449778929
1.750000000000000
12.699999999999994
0.661043481413225
11.667108999849111
1.750000000000000
7.100000000000000
0.661043481413225
8.933707030112563
1.750000000000000
10.949999999999996
0.661043481413225
10.884899523174044
1.750000000000000
10.599999999999996
0.661043481413225
10.721754509916570
1.750000000000000
13.049999999999994
0.661043481413225
11.817443245295271
1.750000000000000
9.549999999999997
0.661043481413225
10.217106696046292
1.750000000000000
15.849999999999991
0.661043481413225
12.958245995290479
1.750000000000000
16.899999999999991
0.661043481413225
13.361211205009441
1.750000000000000
7.799999999999999
0.661043481413225
9.317617006313270
1.750000000000000
11.299999999999995
0.661043481413225
11.045687425894545
1.750000000000000
16.549999999999990
0.661043481413225
13.228241397577621
1.750000000000000
14.099999999999993
0.661043481413225
12.257541149426775
1.750000000000000
9.899999999999997
0.661043481413225
10.387972733612560
1.750000000000000
8.149999999999999
0.661043481413225
9.504048121735829
1.750000000000000
14.799999999999992
0.661043481413225
12.542469580279102
2.349999999999999
8.499999999999998
0.604929252608012
9.916163853514417
2.349999999999999
12.349999999999994
0.604929252608012
11.764906254598001
2.349999999999999
9.199999999999998
0.604929252608012
10.276113877109159
2.349999999999999
8.849999999999998
0.604929252608012
10.097665695792367
2.349999999999999
13.399999999999993
0.604929252608012
12.221910369881261
2.349999999999999
16.199999999999989
0.604929252608012
13.365596621740135
2.349999999999999
7.449999999999999
0.604929252608012
9.351806501256386
2.349999999999999
10.249999999999996
0.604929252608012
10.794477678705242
2.349999999999999
11.649999999999995
0.604929252608012
11.450332382673846
2.349999999999999
17.599999999999987
0.604929252608012
13.902631785874553
2.349999999999999
13.749999999999993
0.604929252608012
12.370563488746896
2.349999999999999
17.249999999999989
0.604929252608012
13.770315853705547
2.349999999999999
14.449999999999992
0.604929252608012
12.662721836522929
2.349999999999999
15.499999999999991
0.604929252608012
13.088916561574621
2.349999999999999
6.750000000000000
0.604929252608012
8.957318956640352
2.349999999999999
17.949999999999989
0.604929252608012
14.033712451010635
2.349999999999999
11.999999999999995
0.604929252608012
11.608660000345376
2.349999999999999
15.149999999999991
0.604929252608012
12.948388647248930
2.349999999999999
12.699999999999994
0.604929252608012
11.919148718147541
2.349999999999999
7.100000000000000
0.604929252608012
9.156509711400775
2.349999999999999
10.949999999999996
0.604929252608012
11.127098005949977
2.349999999999999
10.599999999999996
0.604929252608012
10.962010110711823
2.349999999999999
13.049999999999994
0.604929252608012
12.071460457712886
2.349999999999999
9.549999999999997
0.604929252608012
10.451646925685088
2.349999999999999
15.849999999999991
0.604929252608012
13.227970991218857
2.349999999999999
16.899999999999991
0.604929252608012
13.636729516801005
2.349999999999999
7.799999999999999
0.604929252608012
9.543397278468518
2.349999999999999
11.299999999999995
0.604929252608012
11.289840956571471
2.349999999999999
16.549999999999990
0.604929252608012
13.501835968309379
2.349999999999999
14.099999999999993
0.604929252608012
12.517481267554835
2.349999999999999
9.899999999999997
0.604929252608012
10.624394442841334
2.349999999999999
8.149999999999999
0.604929252608012
9.731460354026668
2.349999999999999
14.799999999999992
0.604929252608012
12.806340238908014
1.300000000000000
8.499999999999998
0.734831244584762
9.501449464073826
1.300000000000000
12.349999999999994
0.734831244584762
11.317607587593105
1.300000000000000
9.199999999999998
0.734831244584762
9.856069028593708
1.300000000000000
8.849999999999998
0.734831244584762
9.680341857850708
1.300000000000000
13.399999999999993
0.734831244584762
11.765037489515313
1.300000000000000
16.199999999999989
0.734831244584762
12.883085722431471
1.300000000000000
7.449999999999999
0.734831244584762
8.944002474591514
1.300000000000000
10.249999999999996
0.734831244584762
10.365770444940555
1.300000000000000
11.649999999999995
0.734831244584762
11.009345850899956
1.300000000000000
17.599999999999987
0.734831244584762
13.407428208502385
1.300000000000000
13.749999999999993
0.734831244584762
11.910484282767335
1.300000000000000
17.249999999999989
0.734831244584762
13.278272414741503
1.300000000000000
14.449999999999992
0.734831244584762
12.196222660351768
1.300000000000000
15.499999999999991
0.734831244584762
12.612796759425542
1.300000000000000
6.750000000000000
0.734831244584762
8.552997604931660
1.300000000000000
17.949999999999989
0.734831244584762
13.535358381622229
1.300000000000000
11.999999999999995
0.734831244584762
11.164527119087749
1.300000000000000
15.149999999999991
0.734831244584762
12.475472410958027
1.300000000000000
12.699999999999994
0.734831244584762
11.468669085090593
1.300000000000000
7.100000000000000
0.734831244584762
8.750590467767255
1.300000000000000
10.949999999999996
0.734831244584762
10.692325316718193
1.300000000000000
10.599999999999996
0.734831244584762
10.530292476008597
1.300000000000000
13.049999999999994
0.734831244584762
11.617788357557680
1.300000000000000
9.549999999999997
0.734831244584762
10.028787986040848
1.300000000000000
15.849999999999991
0.734831244584762
12.748652613767034
1.300000000000000
16.899999999999991
0.734831244584762
13.147855328667628
1.300000000000000
7.799999999999999
0.734831244584762
9.133473005146149
1.300000000000000
11.299999999999995
0.734831244584762
10.851976402311967
1.300000000000000
16.549999999999990
0.734831244584762
13.016139528771427
1.300000000000000
14.099999999999993
0.734831244584762
12.054192597545278
1.300000000000000
9.899999999999997
0.734831244584762
10.198643736229444
1.300000000000000
8.149999999999999
0.734831244584762
9.319221533871650
1.300000000000000
14.799999999999992
0.734831244584762
12.336631342259810
1.450000000000000
8.499999999999998
0.705499805784283
9.560599887946102
1.450000000000000
12.349999999999994
0.705499805784283
11.379254667751949
1.450000000000000
9.199999999999998
0.705499805784283
9.915519090933717
1.450000000000000
8.849999999999998
0.705499805784283
9.739629034620719
1.450000000000000
13.399999999999993
0.705499805784283
11.827582954363677
1.450000000000000
16.199999999999989
0.705499805784283
12.948193169234973
1.450000000000000
7.449999999999999
0.705499805784283
9.002946801509104
1.450000000000000
10.249999999999996
0.705499805784283
10.425832839544576
1.450000000000000
11.649999999999995
0.705499805784283
11.070426313744930
1.450000000000000
17.599999999999987
0.705499805784283
13.473861501525867
1.450000000000000
13.749999999999993
0.705499805784283
11.973339146653561
1.450000000000000
17.249999999999989
0.705499805784283
13.344372846277297
1.450000000000000
14.449999999999992
0.705499805784283
12.259707738794623
1.450000000000000
15.499999999999991
0.705499805784283
12.677249011839487
1.450000000000000
6.750000000000000
0.705499805784283
8.612041784951565
1.450000000000000
17.949999999999989
0.705499805784283
13.602125174061118
1.450000000000000
11.999999999999995
0.705499805784283
11.225887078633853
1.450000000000000
15.149999999999991
0.705499805784283
12.539599872632913
1.450000000000000
12.699999999999994
0.705499805784283
11.530609982852212
1.450000000000000
7.100000000000000
0.705499805784283
8.809555270103584
1.450000000000000
10.949999999999996
0.705499805784283
10.752874048759301
1.450000000000000
10.599999999999996
0.705499805784283
10.590591585108331
1.450000000000000
13.049999999999994
0.705499805784283
11.680028955895825
1.450000000000000
9.549999999999997
0.705499805784283
10.088423483691008
1.450000000000000
15.849999999999991
0.705499805784283
12.813431622403845
1.450000000000000
16.899999999999991
0.705499805784283
13.213623704600167
1.450000000000000
7.799999999999999
0.705499805784283
9.192446307101605
1.450000000000000
11.299999999999995
0.705499805784283
10.912786051310675
1.450000000000000
16.549999999999990
0.705499805784283
13.081576841025441
1.450000000000000
14.099999999999993
0.705499805784283
12.117360831994656
1.450000000000000
9.899999999999997
0.705499805784283
10.258484198585805
1.450000000000000
8.149999999999999
0.705499805784283
9.378265616621851
1.450000000000000
14.799999999999992
0.705499805784283
12.400436294873838
1.150000000000000
8.499999999999998
0.771069150315397
9.453579888401613
1.150000000000000
12.349999999999994
0.771069150315397
11.270524611962456
1.150000000000000
9.199999999999998
0.771069150315397
9.808560914341056
1.150000000000000
8.849999999999998
0.771069150315397
9.632670516956779
1.150000000000000
13.399999999999993
0.771069150315397
11.717833796318359
1.150000000000000
16.199999999999989
0.771069150315397
12.835226511782386
1.150000000000000
7.449999999999999
0.771069150315397
8.895272976044707
1.150000000000000
10.249999999999996
0.771069150315397
10.318581167283444
1.150000000000000
11.649999999999995
0.771069150315397
10.962287775739854
1.150000000000000
17.599999999999987
0.771069150315397
13.359122490400294
1.150000000000000
13.749999999999993
0.771069150315397
11.863221995169548
1.150000000000000
17.249999999999989
0.771069150315397
13.230083716614397
1.150000000000000
14.449999999999992
0.771069150315397
12.148820279840743
1.150000000000000
15.499999999999991
0.771069150315397
12.565136075619577
1.150000000000000
6.750000000000000
0.771069150315397
8.503396746684526
1.150000000000000
17.949999999999989
0.771069150315397
13.486932497271715
1.150000000000000
11.999999999999995
0.771069150315397
11.117462897374756
1.150000000000000
15.149999999999991
0.771069150315397
12.427903540340722
1.150000000000000
12.699999999999994
0.771069150315397
11.421555932129220
1.150000000000000
7.100000000000000
0.771069150315397
8.701461613444264
1.150000000000000
10.949999999999996
0.771069150315397
10.645236172438192
1.150000000000000
10.599999999999996
0.771069150315397
10.483162859907218
1.150000000000000
13.049999999999994
0.771069150315397
11.570634653933542
1.150000000000000
9.549999999999997
0.771069150315397
9.981412316622208
1.150000000000000
15.849999999999991
0.771069150315397
12.700895014888745
1.150000000000000
16.899999999999991
0.771069150315397
13.099780246763588
1.150000000000000
7.799999999999999
0.771069150315397
9.085080936509678
1.150000000000000
11.299999999999995
0.771069150315397
10.804910526754000
1.150000000000000
16.549999999999990
0.771069150315397
12.968174378383829
1.150000000000000
14.099999999999993
0.771069150315397
12.006863857410105
1.150000000000000
9.899999999999997
0.771069150315397
10.151373321686833
1.150000000000000
8.149999999999999
0.771069150315397
9.271113708043405
1.150000000000000
14.799999999999992
0.771069150315397
12.289148736819390
2.799999999999999
8.499999999999998
0.578229367602746
10.055761984330227
2.799999999999999
12.349999999999994
0.578229367602746
11.918287143580022
2.799999999999999
9.199999999999998
0.578229367602746
10.418103083902201
2.799999999999999
8.849999999999998
0.578229367602746
10.238446706316164
2.799999999999999
13.399999999999993
0.578229367602746
12.379132759525866
2.799999999999999
16.199999999999989
0.578229367602746
13.532905293573128
2.799999999999999
7.449999999999999
0.578229367602746
9.488078872485730
2.799999999999999
10.249999999999996
0.578229367602746
10.940195933824631
2.799999999999999
11.649999999999995
0.578229367602746
11.601147893051568
2.799999999999999
17.599999999999987
0.578229367602746
14.074859617577731
2.799999999999999
13.749999999999993
0.578229367602746
12.529061441231626
2.799999999999999
17.249999999999989
0.578229367602746
13.941322531295222
2.799999999999999
14.449999999999992
0.578229367602746
12.823760076875404
2.799999999999999
15.499999999999991
0.578229367602746
13.253732230184324
2.799999999999999
6.750000000000000
0.578229367602746
9.091664547680303
2.799999999999999
17.949999999999989
0.578229367602746
14.207155557601912
2.799999999999999
11.999999999999995
0.578229367602746
11.760757989720847
2.799999999999999
15.149999999999991
0.578229367602746
13.111949996674582
2.799999999999999
12.699999999999994
0.578229367602746
12.073811877900518
2.799999999999999
7.100000000000000
0.578229367602746
9.291780502814499
2.799999999999999
10.949999999999996
0.578229367602746
11.275355002365902
2.799999999999999
10.599999999999996
0.578229367602746
11.108994273971657
2.799999999999999
13.049999999999994
0.578229367602746
12.227404369436178
2.799999999999999
9.549999999999997
0.578229367602746
10.594864462765971
2.799999999999999
15.849999999999991
0.578229367602746
13.394035831528454
2.799999999999999
16.899999999999991
0.578229367602746
13.806509224398683
2.799999999999999
7.799999999999999
0.578229367602746
9.680732373155685
2.799999999999999
11.299999999999995
0.578229367602746
11.439375647549452
2.799999999999999
16.549999999999990
0.578229367602746
13.670382972501390
2.799999999999999
14.099999999999993
0.578229367602746
12.677251323928500
2.799999999999999
9.899999999999997
0.578229367602746
10.768856174815246
2.799999999999999
8.149999999999999
0.578229367602746
9.869907251405817
2.799999999999999
14.799999999999992
0.578229367602746
12.968642353321837
2.949999999999999
8.499999999999998
0.571103597476314
10.096688591326160
2.949999999999999
12.349999999999994
0.571103597476314
11.963321610652212
2.949999999999999
9.199999999999998
0.571103597476314
10.459744236871600
2.949999999999999
8.849999999999998
0.571103597476314
10.279726955910128
2.949999999999999
13.399999999999993
0.571103597476314
12.425309047224413
2.949999999999999
16.199999999999989
0.571103597476314
13.582076030836605
2.949999999999999
7.449999999999999
0.571103597476314
9.528008955314702
2.949999999999999
10.249999999999996
0.571103597476314
10.982949477493870
2.949999999999999
11.649999999999995
0.571103597476314
11.645419294936580
2.949999999999999
17.599999999999987
0.571103597476314
14.125489380437328
2.949999999999999
13.749999999999993
0.571103597476314
12.575616680065362
2.949999999999999
17.249999999999989
0.571103597476314
13.991590169322663
2.949999999999999
14.449999999999992
0.571103597476314
12.871069754070692
2.949999999999999
15.499999999999991
0.571103597476314
13.302163230189775
2.949999999999999
6.750000000000000
0.571103597476314
9.131014769388070
2.949999999999999
17.949999999999989
0.571103597476314
14.258145659184736
2.949999999999999
11.999999999999995
0.571103597476314
11.805410922657893
2.949999999999999
15.149999999999991
0.571103597476314
13.160008719643965
2.949999999999999
12.699999999999994
0.571103597476314
12.119227579612607
2.949999999999999
7.100000000000000
0.571103597476314
9.331409506622011
2.949999999999999
10.949999999999996
0.571103597476314
11.318864849478718
2.949999999999999
10.599999999999996
0.571103597476314
11.152125025167262
2.949999999999999
13.049999999999994
0.571103597476314
12.273200750270238
2.949999999999999
9.549999999999997
0.571103597476314
10.636872262143568
2.949999999999999
15.849999999999991
0.571103597476314
13.442837520769300
2.949999999999999
16.899999999999991
0.571103597476314
13.856412967701711
2.949999999999999
7.799999999999999
0.571103597476314
9.720981333858511
2.949999999999999
11.299999999999995
0.571103597476314
11.483265879437672
2.949999999999999
16.549999999999990
0.571103597476314
13.719921072881181
2.949999999999999
14.099999999999993
0.571103597476314
12.724184402964426
2.949999999999999
9.899999999999997
0.571103597476314
10.811235115237922
2.949999999999999
8.149999999999999
0.571103597476314
9.910489333155089
2.949999999999999
14.799999999999992
0.571103597476314
13.016327276117730
